0.5672087234214661
0.3715446464824773
0.9029868933699332
0.597517269261967
0.9642962297374326
0.018515854462267223
0.7416735924040715
0.6292252523526574
0.12150062512732762
0.6315546169266913
0.6217331018897596
0.028225823047060894
0.9806590049090178
0.28045334371652675
0.8509347164428829
0.22262897562818007
0.0700621966006646
0.9411975115295255
0.5975112189700034
0.6450108439934424
0.7951875312012301
0.442328037149186
0.35478997568097614
0.5797172049033996
0.5346914987244815
0.15053880616416593
0.3236969813016155
0.39070859039950234
0.4091586362224361
0.5468176238477975
0.4285970710296697
0.5571450916137568
0.15989751759911264
0.41625779804943397
0.6565304624640009
0.381565322655669
0.6491243102845079
0.432937514367877
0.009790189064869725
0.4240126603062243
0.723269845691147
0.7644553538749663
0.30501489335107324
0.836555563332
0.3497478702711855
0.8383245567143863
0.09886292943429087
0.5577417642865227
0.23540977525641427
0.4194712799588116
0.6734420536802627
0.5377115976100824
0.40764072795800044
0.9376036205604947
0.8912588368503107
0.7338801090115283
0.5022603037204608
0.28537081584581103
0.5644117540638129
0.8835046673920117
0.8825612161324567
0.13903269426799048
0.7234868763234438
0.8307316412902469
0.8591555536672247
0.045507173574899196
0.8869849923431151
0.014727613177594634
0.0037283646787705793
0.9734822693996291
0.9127874764096242
0.26712641946681837
0.8352632887756127
0.6912154058193811
0.3619911737971031
0.31925383678998054
0.0759863270639386
0.9925837649349452
0.8242097031491457
0.17698998037965052
0.6652944917258016
0.019878364698023288
0.12424000792997625
0.5691756900150098
0.7610753473290672
0.8110444549348631
0.9645839037006322
0.7254564692201676
0.055830273875597025
0.4273496938170155
0.8297264009516345
0.8823263082831994
0.3631659574916666
0.3616833975683762
0.7124957307958676
0.6908410101391399
0.2166148325863475
0.48044981508655826
0.9749464938539415
0.9965135417425971
0.22614163699370637
0.24389221853061127
0.5152815050730025
0.28049907389498985
0.54108652505173
0.7575222664597618
0.19463801747067222
0.7262641355599533
0.17725246280880935
0.9816960945420308
0.9407042079443705
0.45344430860634655
0.5692409083167216
0.5800727076752696
0.642950045854989
0.36886071137220733
0.15401704790959592
0.28034269793725697
0.7997994808072422
0.27964036916395496
0.025059642751159017
0.08476994183790154
0.5156725789849962
0.7797987535362827
0.7981284885671378
0.5503686815413241
0.6203157566339338
0.3899388430115429
0.898184684950611
0.35151340925147156
0.4566915344602208
0.5433037203991101
0.8419195313773077
0.27499065230242814
0.8975395988187622
0.09540329711723039
0.5522658835153107
0.20616884308157324
0.22174049512690552
0.7230521765051388
0.10689053176751162
0.8099758063891256
0.2373940404118431
0.09511034543435481
0.12886324729286303
0.07286799385263754
0.12307712170368701
0.3581737379677121
0.3414749950438509
0.43251173136056353
0.1498674437242421
0.1483930260980223
0.1427115677761387
0.33083986350894934
0.6966638361024153
0.2863191206095884
0.8881416751028007
0.8569558448568998
0.3335637039982273
0.6822655862460206
0.0016784483678957685
0.36644193955537685
0.32704462865368233
0.9599255774926685
0.412338201708184
0.035307417271688735
0.8910837211520892
0.4061312749480994
0.4541877632062229
0.8595753876724792
0.005885419022495508
0.5604632079399972
0.8394726590592712
0.8116935652447627
0.4500603904690512
0.7437467809712313
0.5083723543215037
0.2433483060157876
0.8044544803211341
0.9130554888055452
0.8261397650631385
0.9962310418221352
0.9055222562383264
0.9094124592521733
0.48487912596704563
0.9847759517796298
0.19786814934810082
0.2991360031937741
0.011785247029307278
0.11435883307977768
0.8567018784398248
0.6887660845108939
0.4289713738556623
0.0851301462554438
0.5085554306063218
0.5269212732902704
0.043115112826294655
0.37576114566011065
0.53642963594576
0.300774986347748
0.46228772698085774
0.27925780822852175
0.9713744670308018
0.14794170844990973
0.4173029056797921
0.5851598040502632
0.7128422264036158
0.07537805709181267
0.06866196884157261
0.1602499103131232
0.22901698089191447
0.20674172705141258
0.5308130992411165
0.9753041710607273
0.21789128815244718
0.44839220202981944
0.7688971653768878
0.44225012481289094
0.850249398784862
0.35030781025981883
0.18086995571257258
0.06348871128820466
0.9686583066541333
0.0037419956524294973
0.6586597466040051
0.9832822015383741
0.8965302143911061
0.9425490241393908
0.7815759053597333
0.9786948672764244
0.6124681584953854
0.45087639730911966
0.39625372787769186
0.22102523036841437
0.18722589500478382
0.6840195547381434
0.12143469933213968
0.5757597893215731
0.16670692546531185
0.7047320702679396
0.040607154677028356
0.4305933662717908
0.2201138910880861
0.2673030537016239
0.5805882189205686
0.5049734729089645
0.6803878340661202
0.36223494128541733
0.45374751695565874
0.1466809738299285
0.3914127298792246
0.22230614933572057
0.03510159432299709
0.8943830151936528
0.5943885039160551
0.8379754774518582
0.012842671049460352
0.18536925925443726
0.21797921639948759
0.7527543978642408
0.23443737456792357
0.000940242943913594
0.31523077382879316
0.5235299059725492
0.22201137614635058
0.20491057357662945
0.9728620458127791
0.37064253419793025
0.7160135083328346
0.09352838347380565
0.30882692739054585
0.2532879825819895
0.21834186542099265
0.31328798946279635
0.9211697319526553
0.8965426146947912
0.8653647952033992
0.34839758681058564
0.13999176255344148
0.954747472748305
0.8213865904351656
0.7353087213383943
0.05293507671803588
0.18928394491325828
0.35663866312307635
0.5635940875243229
0.6826717634297086
0.24961049579632655
0.5113083759553145
0.39035428378412507
0.18478193164286472
0.6597419571209191
0.5956426019014396
0.9718893673142627
0.8806847571632049
0.4926789279844227
0.3051888002800478
0.24799332262255724
0.3759481831379463
0.17633999428649172
0.6936888599564529
0.16530550321825166
0.6025344178749164
0.0551789181531438
0.2641481639985547
0.28451555274731855
0.3310705746115199
0.13028036961975176
0.7487728053477253
0.9357138254116824
0.25277072158413594
0.27945894431964147
0.3269555568624475
0.3209603541679118
0.9243978729613413
0.14401837577881305
0.19111167203238177
0.2306059817532189
0.3772123036478402
0.7016276161419842
0.2425796892969334
0.5746543920030653
0.43396965475366367
0.9688592835421302
0.7666691365261079
0.34592714992542617
0.019562415498229346
0.08119224908187062
0.2083928921944651
0.4814330290350195
0.33480510357692717
0.3402349440483783
0.1394560685632068
0.7769240828700293
0.38147777003956196
0.2328499782680632
0.12218328891135355
0.8684806364372117
0.3745194711123515
0.9193339066063804
0.45017881639345736
0.7841736777482041
0.3251716676391142
0.420990780080445
0.30229134587325057
0.5260700809875096
0.13650474262718715
0.887786029711926
0.5645942173998904
0.6204991605274727
0.45172605268055166
0.7041164148944846
0.05004522005585588
0.18945651439526445
0.057562206593289145
0.0005115898948883091
0.94389370429751
0.589841194966877
0.8543970930407687
0.1990752944362515
0.7133657227802516
0.4076584146275999
0.42269758848542927
0.1970377053142891
0.18523529778341719
0.23442218014112315
0.020043958969856668
0.8683888451420744
0.8963084426055589
0.6033003514240094
0.7644020337974067
0.1325551817366828
0.6883403438928232
0.0696770061004488
0.7808712771900951
0.8676233102752502
0.7878527904342322
0.5921161707261501
0.028641208822538178
0.9729290023262789
0.3214807331424384
0.8283270322046421
0.25850658915835556
0.9527280082076067
0.27905690770843516
0.8936357080649113
0.5309486564073227
0.7079588686356516
0.9200323689617904
0.7921248927383484
0.0319615015197342
0.27267019922571567
0.9472194453616989
0.9806628761543361
0.987894719442812
0.09323794320157663
0.24854459139853313
0.5499040635366669
0.8053508806423493
0.00232292526329958
0.6965412340570454
0.012522573211255272
0.7536694680258196
0.09945570214292376
0.1810969765407452
0.5492935325768823
0.2845947517630274
0.5642507658420168
0.14777113424538157
0.8517724428489523
0.9227826253344183
0.7591693803633006
0.23577053541692894
0.8472363932632425
0.08456362587592392
0.8165148666478764
0.0696184594858521
0.5545069339449122
0.08490798936621391
0.9951308555411419
0.1746309226025935
0.6740951689790556
0.3787191301375179
0.32809372189468633
0.823314019530082
0.3684171195579553
0.6164208357485547
0.5327032192886181
0.548978731708661
0.7780040435867366
0.4886117035751838
0.1707624385777612
0.30421741310209616
0.6722246625665227
0.5481986466571327
0.9472415912798465
0.883825958788734
0.21027946516823826
0.08661186029689372
0.49684074278708523
0.14007021475996873
0.7083779696400403
0.8479151853620545
0.6856816239358936
0.8923499467878472
0.592411774166396
0.7672436591642403
0.488531004783722
0.33574907051610314
0.08143763461836018
0.9779152408831796
0.7272743889343076
0.7843657344096894
0.8481414592588526
0.9864949677692165
0.5469487833963597
0.6788032440961776
0.8583250544661369
0.09924199353703766
0.2678308916990313
0.6449379134071719
0.025275384181633
0.43261714492129477
0.9192994882012687
0.8339528914173123
0.5240140916454521
0.24093312996021032
0.9438637438290468
0.7396290574542499
0.013131189771496299
0.5647607406261114
0.6756706915357087
0.31728622429134334
0.6144836080320213
0.644657270270597
0.2910285708650291
0.5246617968752164
0.6986064449725015
0.1321565316914567
0.8054049853864302
0.2772005436454589
0.09777918457958157
0.2576629652930018
0.8060203066883604
0.41817124838371944
0.26660742102248147
0.7996487328351803
0.8273186027967936
0.3368945679348331
0.6636192464869416
0.605438062901539
0.8307441405748424
0.6260878742193361
0.3453849416416941
0.5479210336626454
0.6480455612057998
0.43113474229236926
0.17111883891617008
0.18319479185067378
0.18542196774572273
0.2962205215175151
0.4108841091337443
0.44157975330024146
0.5013792676836784
0.8534468250098285
0.06046874751764886
0.8618583621737542
0.09012840069930739
0.575975630651307
0.08946068169856347
0.49515146013980593
0.6335789251211986
0.019834606076390537
0.2608277514506334
0.22542186406218578
0.6789536514293729
0.7206310512224415
0.35400499447830847
0.7733601895541559
0.996926713307083
0.5131069267348308
0.4826615688242082
0.7348117894458732
0.962588855152077
0.17914221384935192
0.5429065123578606
0.7783039578056946
0.41049772366070403
0.5319830910127553
0.6567198269280179
0.18881863148140454
0.330894828262982
0.20935593018600673
0.4030128855488849
0.6338171215656808
0.22568735670651485
0.49621900466960034
0.459613022411537
0.5258813275558797
0.4447593401836062
0.46551003131965896
0.3621940864960329
0.3088065037219192
0.8595173703964389
0.36227388836250374
0.029312166594182232
0.6845180734234009
0.3571744045676982
0.6463658294916057
0.7655555733777909
0.026600800322377438
0.9592942503216108
0.4385866108117106
0.6492303703324658
0.4338807452614516
0.5148932754644271
0.6858735119905685
0.21799034739580725
0.9241085630742619
0.040584629103344594
0.7466535170169162
0.4601675251741725
0.21161390213812536
0.7556392953469002
0.8794469235324798
0.9409815849271733
0.12592657675645513
0.039080375525831546
0.40802046384789104
0.5768411126134482
0.392240738984716
0.39334835045731653
0.8732451913120117
0.5595923685418662
0.9897925075287934
0.32831394148568993
0.49704451940611116
0.9197565938894192
0.35727118821612025
0.6245145361494547
0.2947976257566278
0.5926220803949815
0.7394447554730054
0.7054846018211152
0.09741589429963271
0.5729450003820947
0.9427832031186616
0.1829287768765131
0.9632623316167594
0.7171405266188611
0.9886222739606412
0.25265521107540845
0.6227289071079649
0.6309545842364322
0.14369962915205003
0.4164850892249059
0.22619395434286138
0.18726869568595883
0.01042432554441275
0.11090654603095018
0.9116693323830063
0.26538448943303317
0.4705515031089387
0.24880100700625052
0.9870730058863542
0.20926481997671564
0.34588061282287763
0.46749466284658747
0.11585340097673946
0.3226005260939362
0.9932215666478221
0.5114957824253362
0.9955389844299418
0.5400258633163912
0.3993067425752538
0.9152972502796715
0.022001299527051432
0.1989998234202458
0.9382524733570571
0.5779353591404234
0.9704156578573686
0.7281099600265879
0.520084506525035
0.6540579936356459
0.5126368862072903
0.20774913520811822
0.7158044664237553
0.923291852560841
0.7694755512452165
0.8558606084919893
0.10607572849266311
0.7603615121261182
0.021851436949285152
0.06645977370883438
0.03380581421602946
0.30711402698982226
0.648384047657449
0.7987828338134668
0.718440819245824
0.23973944618466525
0.7416032811768923
0.016699274446843604
0.3323436291709728
0.4316462182621047
0.6138114621642724
0.8822826619174486
0.3353174521547625
0.41544340965728077
0.7742673934591305
0.17450788432095676
0.13005791916927623
0.9736986374533545
0.23125564123538722
0.696819051721944
0.728984442006048
0.8079581248124904
0.46978389873709436
0.002832801027870646
0.8964065524666706
0.316074250328074
0.9840933833302111
0.3715054791577663
0.41535375916262174
0.1957939562719645
0.05433229533679107
0.2159228748360229
0.2850456723616016
0.4879331980619529
0.9350604501355557
0.9774393056487175
0.032306613732547285
0.9590333040920729
0.1592274862276153
0.45502956289803453
0.965960510601904
0.5320628033209552
0.2357968349543721
0.5972460362589005
0.48631985573699354
0.8905849460570637
0.9247217912113445
0.9190894697075259
0.19408616563994063
0.27944650413081207
0.875786696583241
0.7114577474526346
0.9782034016607003
0.4357897218592668
0.50527381282535
0.4382698248601741
0.39661490132403143
0.8392314949726573
0.128176421627742
0.6289775352177489
0.12040940474008022
0.2484297444783541
0.7946851252699818
0.40509498030250657
0.032200229315239914
0.7876880776040891
0.672228854343781
0.6535275478055009
0.4071825501937183
0.6894851647279617
0.6970938573724043
0.45047762839052286
0.32413817379769083
0.2331346183888463
0.3241452370287249
0.4979188278445492
0.39144214341421657
0.49865244898379146
0.2848206929705278
0.7560413304019347
0.8624032533724059
0.7847523931703649
0.13504898801686505
0.7054432057752753
0.478713535052838
0.8875124781105602
0.24891690795521892
0.8500338554344936
0.7388836799664502
0.048419986398996806
0.519774790218875
0.06075326185066521
0.5924045765982915
0.7759871319286726
0.9756606090031102
0.28733001220704824
0.034532424630923875
0.9982410662824659
0.7737085866830513
0.8044817598640611
0.6343991390922598
0.17296922368686063
0.5350910042217434
0.179079915573786
0.8278965781691721
0.529432682858147
0.994099661208408
0.04186778808389602
0.3129601414469534
0.7638248328228557
0.4814878112759954
0.7939784644723199
0.33957731458823537
0.9146789644915825
0.5224440305539688
0.9310950418636873
0.38611350478995454
0.264000081625951
0.9065600467122011
0.9174089185458028
0.7830566269165662
0.04725492448313551
0.01920064204639671
0.11660236258104306
0.2771499502488458
0.8352306010911253
0.05428376454398953
0.23161854690564299
0.20266368851396077
0.9733478258263121
0.3055610895075097
0.12577003490240346
0.6665319927326261
0.20308921328407614
0.6256199449212814
0.9811390490942644
0.6642460977511329
0.6930845123258408
0.0058338698309746695
0.9967574500231288
0.8563457402073394
0.31200998221852794
0.8492017505533931
0.02095774332753808
0.42778662755090324
0.027186744105201943
0.7334507784613264
0.6490537172020329
0.6215088786254813
0.43442149033222344
0.040931337304090265
0.8664809705741733
0.5472835473989529
0.546300391718062
0.3849323564601397
0.11675336844455741
0.8572138757974119
0.7897586052500741
0.8331443636468118
0.4637120086588029
0.5833230826090611
0.15755383003278922
0.8796287757764542
0.6750302859428917
0.25440937614853754
0.8290304146507526
0.858294465506999
0.6337115428024199
0.15878158455411562
0.2978051252432966
0.0318929449162062
0.5004451287010717
0.6782034085018531
0.48992208991252484
0.8248902042010355
0.7455984801536288
0.9209703503322801
0.5704745959980548
0.8055378191933936
0.7073567393131684
0.07223156519904672
0.4250744852720072
0.8265116039250776
0.5284673514016857
0.3907059151447191
0.09480233233937985
0.07554140824071176
0.20376915750401658
0.5422863303914044
0.9711721072758638
0.2719816372744105
0.2999234737500053
0.9104736968808406
0.17572130504435657
0.19280221298204403
0.6562965621039506
0.17522961734232567
0.09290337797890247
0.8354610885185727
0.9556915183352701
0.8555688868096656
0.8837239819759596
0.0001379576679138017
0.947012914241853
0.03404468070592903
0.11566672681993084
0.8220665806683864
0.662219420381477
0.7308848334052779
0.367385079077283
0.17495769377321724
0.7226545936070774
0.21416446897906483
0.9865952431680558
0.027576949925289473
0.19726119696052435
0.3199772093337848
0.670988283568863
0.41122710945284346
0.521337316732732
0.8279870261687592
0.30012625699977147
0.9008735804035131
0.3542572384151961
0.48003069477725857
0.5296854760022498
0.5172505959916757
0.7662473367714318
0.3696636167042797
0.8373483627640302
0.0663331304028707
0.20190996365029146
0.6698165916451687
0.9973928708439379
0.9645139588277621
0.5797032352937731
0.7782965812348129
0.8739483985899543
0.3474662093325931
0.3044727187392616
0.72240183481003
0.9366136567769461
0.3345834912186014
0.15763543189820117
0.17347833493549258
0.20817834581503902
0.041256092715594384
0.5866878122762447
0.321331581373827
0.3834993313375602
0.10744511935402301
0.48059423369674104
0.67864332288794
0.9074886767149931
0.9971394346174389
0.4718029091404867
0.22319890328954872
0.828669540791471
0.28402147315241966
0.5259346182354092
0.8861893383793763
0.06740407073087695
0.9916472862574137
0.5861193723845862
0.28273734445205523
0.5673817368785079
0.9642260348234428
0.9006935266826296
0.3823226475867384
0.7135327713884919
0.6848870964569306
0.1824824764783778
0.17323932200081404
0.6968526888715102
0.41804453420545606
0.6777519014955855
0.14042840790717181
0.5170035548595866
0.7514308753092891
0.5826095570746332
0.612258057316104
0.6177919026108166
0.619017673865854
0.63948489597244
0.7412024227137837
0.6282763162166608
0.10312396814182645
0.1138446092081341
0.17041214594830645
0.7766915065236526
0.4541168411474126
0.7917765396460701
0.6203072101081253
0.16775520855257275
0.7779851529091911
0.22148636936004895
0.05493065916066309
0.06907235896918695
0.1543799633975298
0.6621320385623942
0.6492181303685314
0.8545728965719739
0.6615011185358145
0.3229447272454157
0.9517990260688887
0.18296391467015383
0.9112099867971957
0.11307769729523809
0.5446838176256797
0.39310049662181046
0.7591835581993036
0.6510640411425068
0.9669614373419594
0.33504144672014424
0.46899564925141624
0.37643901501841004
0.6006811011720938
0.8589013207527408
0.7589719305676297
0.3247453490131832
0.034638088053816074
0.8896823211311813
0.4622252152645787
0.7634792290105328
0.5559386225819801
0.482494280839853
0.4648556393406803
0.23385178919992478
0.6740840338402068
0.494779691712927
0.4084557649050422
0.27678182127452
0.13714402832059425
0.18198509269310237
0.7579117598368394
0.030286174627052187
0.7121951007915013
0.23217582447396146
0.7960126439340683
0.5420716572256754
0.6210869315961701
0.6651043518815413
0.37074461928654023
0.8270398036333397
0.5092516438785792
0.44852712661666294
0.786958847635865
0.22156754285384428
0.34218737959138956
0.05912098513219732
0.7796407931303314
0.42422803263464226
0.7435098904848829
0.5641917320420474
0.7754392437080894
0.4218167972949217
0.8788320755140397
0.5349003957683597
0.20935444679962656
0.8421959939884889
0.6923905131902395
0.9008483831232639
0.7670283071159404
0.8773814819011445
0.456172590073069
0.917207419997926
